0 0
1 1
2 2
3 3
6 6
7 7
8 8
9 9
10 10
21 21
25 25
27 27
31 31
32 32
33 33
34 34
35 35
36 36
37 37
38 38
39 39
40 40
42 42
43 43
44 44
45 45
46 46
47 47
48 48
51 51
54 54
55 55
66 66
67 67
68 68
69 69
70 70
71 71
72 72
73 73
86 86
87 87
100 100
101 101
102 102
106 106
107 107
108 108
109 109
112 112
113 113
114 114
115 115

150 150
151 151
152 152
200 200
201 201
202 202
203 203
204 204
205 205
403 403
404 404
410 410
411 411
1000 1000
1001 1001
1003 1003
1004 1004
1005 1005
1100 1100
1101 1101
1102 1102
1103 1103
1104 1104
1105 1105
1106 1106
1107 1107
1108 1108
1109 1109
1110 1110
1111 1111
1112 1112
1113 1113
1114 1114
1115 1115
1116 1116
1117 1117
1118 1118
1119 1119
1120 1120
1121 1121
1122 1122
1123 1123
1124 1124
1125 1125
1126 1126
1127 1127
1128 1128
1129 1129
1130 1130
1131 1131
1132 1132
1133 1133
1134 1134
1135 1135
1200 1200
1201 1201
1203 1203
1204 1204
1205 1205
1206 1206
1207 1207
1208 1208
1209 1209
1210 1210
1212 1212
1213 1213
1300 1300
1301 1301
1302 1302
1303 1303
1304 1304
1305 1305
1306 1306
1308 1308
1309 1309
1310 1310
1311 1311
1312 1312
1313 1313
1314 1314
1400 1400
1401 1401
1402 1402
1403 1403
1404 1404
1405 1405
1406 1406
1407 1407
1408 1408
1409 1409
1410 1410
1411 1411
1412 1412
1414 1414
1415 1415
1416 1416
1417 1417
1418 1418
1419 1419
1420 1420
1421 1421
1422 1422
1423 1423
1424 1424
1425 1425
1426 1426
1427 1427
1428 1428
1429 1429
1430 1430
1431 1431
1432 1432
1433 1433
1499 1499
2400 2400
2401 2401
2402 2402
2403 2403
2404 2404
2405 2405
2406 2406
2407 2407
2408 2408
2409 2409
2410 2410
2411 2411
2412 2412
2414 2414
2415 2415
2416 2416
2417 2417
2418 2418
2419 2419
2420 2420
2421 2421
2422 2422
2423 2423
2424 2424
2425 2425
2426 2426
2427 2427
2428 2428
2429 2429
2430 2430
2431 2431
2432 2432
2433 2433
2499 2499
1500 1500
1501 1501
1502 1502
1503 1503
1504 1504
1505 1505
1506 1506
1507 1507
1600 1600
1601 1601
1602 1602
1603 1603
1604 1604
1605 1605
1606 1606
1607 1607
1608 1608
1609 1609
1610 1610
1611 1611
1612 1612
1613 1613
1614 1614
1618 1618
1700 1700
1701 1701
1702 1702
1800 1800
1801 1801
1802 1802
2000 2000
2001 2001
2003 2003
2004 2004
2005 2005
2100 2100
2101 2101
2102 2102
2103 2103
2104 2104
2105 2105
2106 2106
2107 2107
2108 2108
2109 2109
2110 2110
2111 2111
2112 2112
2113 2113
2114 2114
2115 2115
2116 2116
2117 2117
2118 2118
2119 2119
2120 2120
2122 2122
2123 2123
2124 2124
2125 2125
2126 2126
2127 2127
2128 2128
2129 2129
2130 2130
2131 2131
2132 2132
2133 2133
2134 2134
2135 2135
2200 2200
2201 2201
2203 2203
2204 2204
2205 2205
2206 2206
2207 2207
2208 2208
2209 2209
2210 2210
2212 2212
2213 2213
2300 2300
2301 2301
2302 2302
2303 2303
2304 2304
2305 2305
2306 2306
2308 2308
2309 2309
2310 2310
2311 2311
2312 2312
2313 2313
2314 2314
2500 2500
2501 2501
2502 2502
2503 2503
2504 2504
2505 2505
2506 2506
2507 2507
2600 2600
2601 2601
2602 2602
2603 2603
2604 2604
2605 2605
2606 2606
2607 2607
2608 2608
2609 2609
2610 2610
2611 2611
2612 2612
2613 2613
2614 2614
2617 2617
2700 2700
2701 2701
2702 2702
2703 2703
2704 2704
2705 2705
2800 2800
2801 2801
2802 2802
3100 3100
3101 3101
3104 3104
3105 3105
3106 3106
3107 3107
3108 3108
3109 3109
3110 3110
3111 3111
3112 3112
3113 3113
3114 3114
3115 3115
3116 3116
3117 3117
3200 3200
3201 3201
3202 3202
3203 3203
3204 3204
3205 3205
3206 3206
3207 3207
3208 3208
3209 3209
3300 3300
3301 3301
3302 3302
3303 3303
3304 3304
3305 3305
3306 3306
3307 3307
3308 3308
3309 3309
3310 3310
3311 3311
3312 3312
3313 3313
3314 3314
3315 3315
3316 3316
3317 3317
3318 3318
3321 3321
3322 3322
3323 3323
3324 3324
3325 3325
3326 3326
3327 3327
3328 3328
3329 3329
3330 3330
3331 3331
3332 3332
3333 3333
3335 3335
3336 3336
3337 3337
3338 3338
3339 3339
3340 3340
3341 3341
3342 3342
3343 3343
3344 3344
3345 3345
3346 3346
3347 3347
3349 3349
3350 3350
3351 3351
3400 3400
3408 3408
3409 3409
3410 3410
3411 3411
3412 3412
3413 3413
3414 3414
3415 3415
3600 3600
3601 3601
3602 3602
3603 3603
3604 3604
3605 3605
3606 3606
3607 3607
3608 3608
3609 3609
3610 3610
3611 3611
3612 3612
3613 3613
3614 3614
3615 3615
3616 3616
3617 3617
3618 3618
3619 3619
3621 3621
3622 3622
3623 3623
3624 3624
3625 3625
3626 3626
3627 3627
3628 3628
3629 3629
3630 3630
3631 3631
3632 3632
3633 3633
3634 3634
3700 3700
3701 3701
3702 3702
3703 3703
3704 3704
3705 3705
3706 3706
3707 3707
3709 3709
3710 3710
3711 3711
3712 3712
3713 3713
3714 3714
3715 3715
3716 3716
3717 3717
3719 3719
3720 3720
3750 3750
3751 3751
3752 3752
3753 3753
3754 3754
3755 3755
3756 3756
3757 3757
3758 3758
3759 3759
3760 3760
3790 3790
3903 3903
3904 3904
3905 3905
3906 3906
3907 3907
3908 3908
3910 3910
3911 3911
3912 3912
3913 3913
4000 4000
4001 4001
4002 4002
4003 4003
4004 4004
4005 4005
4006 4006
4007 4007
4008 4008
4009 4009
4010 4010
4011 4011
4012 4012
4013 4013
4014 4014
4015 4015
4016 4016
4017 4017
4018 4018
4019 4019
4020 4020
4100 4100
4101 4101
4102 4102
4103 4103
4104 4104
4105 4105
4106 4106
4107 4107
4108 4108
4109 4109
4110 4110
4111 4111
4112 4112
4113 4113
4114 4114
4115 4115
4116 4116
4117 4117
4118 4118
4119 4119
4120 4120
4121 4121
4122 4122
4123 4123
4124 4124
4125 4125
4126 4126
4127 4127
4200 4200
4201 4201
4202 4202
4203 4203
4204 4204
4205 4205
4206 4206
4207 4207
4208 4208
4209 4209
4210 4210
4211 4211
4213 4213
4214 4214
4215 4215
4300 4300
4400 4400
4500 4500
4600 4600
4700 4700
4701 4701
4702 4702
5000 5000
5001 5001
5002 5002
5003 5003
5004 5004
5005 5005
5006 5006
5008 5008
5009 5009
5010 5010
5011 5011
5012 5012
5015 5015
5016 5016
5017 5017
5018 5018
5019 5019
5020 5020
5023 5023
5024 5024
5025 5025
5050 5050
5051 5051
5052 5052
5053 5053
5054 5054
5055 5055
5056 5056
5057 5057
5058 5058
5060 5060
5062 5062
5063 5063
5064 5064
5065 5065
5066 5066
5067 5067
5068 5068
5069 5069
5070 5070
5071 5071
5072 5072
5100 5100
5101 5101
5102 5102
5200 5200
5201 5201
5205 5205
5206 5206
5207 5207
5208 5208
5209 5209
5210 5210
5211 5211
5212 5212
5213 5213
5214 5214
5215 5215
5218 5218
5220 5220
5221 5221
5222 5222
5223 5223
5224 5224
5225 5225
5226 5226
5227 5227
5228 5228
5229 5229
5230 5230
5231 5231
5232 5232
5233 5233
5234 5234
5235 5235
5236 5236
5300 5300
5302 5302
5303 5303
5305 5305
5306 5306
5307 5307
5308 5308
5309 5309
5400 5400
5401 5401
5405 5405
5406 5406
5407 5407
5419 5419
5420 5420
5421 5421
5422 5422
5423 5423
5424 5424
5426 5426
5427 5427
5428 5428
5429 5429
5432 5432
5433 5433
5435 5435
5436 5436
5500 5500
5501 5501
5502 5502
5503 5503
5504 5504
5505 5505
5506 5506
5511 5511
5514 5514
5516 5516
5517 5517
5547 5547
5600 5600
5603 5603
5604 5604
5605 5605
5607 5607
5608 5608
5609 5609
5610 5610
5611 5611
5612 5612
5613 5613
5615 5615
5617 5617
5618 5618
5619 5619
5620 5620
5621 5621
5623 5623
5624 5624
5625 5625
5627 5627
5628 5628
5629 5629
5631 5631
5632 5632
5633 5633
6001 6001
6002 6002
6003 6003
6005 6005
6006 6006
6007 6007
6008 6008
6009 6009
6010 6010
6011 6011
6012 6012
6014 6014
6015 6015
6016 6016
6017 6017
6018 6018
6019 6019
6020 6020
6021 6021
6023 6023
6024 6024
6025 6025
6027 6027
6028 6028
6029 6029
6030 6030
6031 6031
6032 6032
6033 6033
6034 6034
6035 6035
6036 6036
6037 6037
6038 6038
6039 6039
6040 6040
6041 6041
6101 6101
6102 6102
6103 6103
6105 6105
6106 6106
6107 6107
6108 6108
6109 6109
6110 6110
6111 6111
6112 6112
6114 6114
6115 6115
6116 6116
6117 6117
6118 6118
6119 6119
6120 6120
6121 6121
6123 6123
6124 6124
6125 6125
6126 6126
6127 6127
6128 6128
6129 6129
6130 6130
6131 6131
6132 6132
6133 6133
6135 6135
6136 6136
6137 6137
6138 6138
6139 6139
6140 6140
6142 6142
6143 6143
6144 6144
6145 6145
6146 6146
6147 6147
6148 6148
6149 6149
6200 6200
6201 6201
6202 6202
6203 6203
6204 6204
6205 6205
6300 6300
6301 6301
6302 6302
6303 6303
6304 6304
6305 6305
6306 6306
6405 6405
6406 6406
6500 6500
6501 6501
6502 6502
6503 6503
6504 6504
6505 6505
6506 6506
6507 6507
6509 6509
6510 6510
6700 6700
6701 6701
6702 6702
6703 6703
6704 6704
6705 6705
6707 6707
6708 6708
6709 6709
6710 6710
6711 6711
6712 6712
6713 6713
6714 6714
6715 6715
6716 6716
6717 6717
6800 6800
6801 6801
6802 6802
6803 6803
6804 6804
6900 6900
6901 6901
6902 6902
6903 6903
6904 6904
6905 6905
6906 6906
6907 6907
6908 6908
6909 6909
6910 6910
6911 6911
6912 6912
6913 6913
6914 6914
6915 6915
7000 7000
7007 7007
7008 7008
7100 7100
7101 7101
7102 7102
7103 7103
7201 7201
7202 7202
7203 7203
7204 7204
7205 7205
7206 7206
7207 7207
7208 7208
7209 7209
7210 7210
7211 7211
7212 7212
7213 7213
7214 7214
7215 7215
7301 7301
7302 7302
7303 7303
7304 7304
7305 7305
7306 7306
7307 7307
7308 7308
7309 7309
7310 7310
7311 7311
7312 7312
7313 7313
7314 7314
7315 7315
1202 1202
2202 2202
1211 1211
2211 2211
1307 1307
2307 2307
1927 1927
2927 2927
3103 3103
3620 3620
3718 3718
3761 3761
4212 4212
5059 5059
5061 5061
5073 5073
5074 5074
5075 5075
5237 5237
5301 5301
5411 5411
5425 5425
5430 5430
5431 5431
5507 5507
5508 5508
5509 5509
5510 5510
5512 5512
5601 5601
5602 5602
5606 5606
5616 5616
5622 5622
5626 5626
5630 5630
6508 6508
6706 6706
7001 7001
7002 7002
7003 7003
7004 7004
7005 7005
7006 7006