0 558
1 745
2 561
3 827
6 729
7 684
8 203
9 969
10 283
? 930 #TODO
? 84 #TODO
? 219 #TODO
? 854 #TODO
21 767
25 993
27 902
31 613
32 165
33 517
34 605
35 895
36 512
37 163
38 96
39 466
40 465
42 511
43 825
44 799
45 303
46 853
47 606
48 765
51 414
54 760
55 193
66 437
67 99
68 114
69 270
70 3 
71 392
72 991
73 92 
86 130
87 911
106 575
107 737
108 882
109 689
112 358
113 97
114 889
115 920
150 621
151 818 #guessed! 152 784
152 784
200 921 #guessed! 202 273
201 178 #guessed! 202 273
202 273
203 20 #guessed! 404 435
204 339 #guessed! 404 435
205 719 #guessed! 404 435
? 140 #TODO
? 821 #TODO
403 857 #guessed
404 435
410 46 #guessed! 1000 650
411 67 #guessed! 1000 650
1000 650
1001 322
1003 503
1004 169 #guessed! 1101 875
1005 101 #guessed! 1101 875
1100 608 #guessed! 1101 875
1101 875
1102 434
1103 552
1104 261 #guessed! 1105 766
1105 766
1106 514 #guessed! 1107 49
1107 49
1108 225
1109 712
1110 23
1111 158
? 313 #TODO
1112 845
1113 253
1114 45
1115 660
? 352 #TODO
1116 252
1117 7
1118 338
1119 593
1120 177 #guessed! 1200 280
1122 887 #guessed! 1200 280
1123 369 #guessed! 1200 280
1124 488 #guessed! 1200 280
1125 728 #guessed! 1200 280
1126 260 #guessed! 1200 280
1127 841 #guessed! 1200 280
1128 557 #guessed! 1200 280
1129 978 #guessed! 1200 280
1130 642 #guessed! 1200 280
1131 71 #guessed! 1200 280
1132 118 #guessed! 1200 280
1133 8 #guessed! 1200 280
1134 216 #guessed! 1200 280
1135 164 #guessed! 1200 280
1200 280
1201 547
1202 79 #guessed! 1205 537
1203 40 #guessed! 1205 537
1204 480 #guessed! 1205 537
1205 537
1206 324 #guessed! 1211 640
1207 929 #guessed! 1211 640
1208 702 #guessed! 1211 640
1209 272 #guessed! 1211 640
1210 209 #guessed! 1211 640
1211 640
1212 88 #guessed! 1300 197
1213 334 #guessed! 1300 197
1300 197
1301 355 #guessed! 1302 518
1302 518
1303 924
1304 757
1305 271
1306 961 #guessed! 1309 220
1307 384 #guessed! 1309 220
1308 28 #guessed! 1309 220
1309 220
1310 122 #guessed! 1400 856
1311 428 #guessed! 1400 856
1312 748 #guessed! 1400 856
1313 834 #guessed! 1400 856
1314 74 #guessed! 1400 856
1400 856
1401 569 #guessed! 1402 217
1402 217
1403 509
1404 233
1405 78 #guessed! 1407 652
1406 208 #guessed! 1407 652
1407 652
1408 115
1409 846
1410 594
1411 432 #guessed! 1412 676
1412 676
1414 218
1415 535 #guessed! 1428 319
1416 212 #guessed! 1428 319
1417 781 #guessed! 1428 319
1418 580 #guessed! 1428 319
1419 783 #guessed! 1428 319
1420 259 #guessed! 1428 319
1421 144 #guessed! 1428 319
1422 290 #guessed! 1428 319
1423 185 #guessed! 1428 319
1424 442 #guessed! 1428 319
1425 958 #guessed! 1428 319
1426 413 #guessed! 1428 319
1427 699 #guessed! 1428 319
1428 319
1429 563 #guessed! 1500 390
1430 632 #guessed! 1500 390
1431 186 #guessed! 1500 390
1432 128 #guessed! 1500 390
1433 183 #guessed! 1500 390
1499 970 #guessed! 1500 390
1500 390
1501 139
1502 696
1503 39
1504 738 #guessed! 1505 822
1505 822
1506 710 #guessed! 1702 211
1507 718 #guessed! 1702 211
1600 736 #guessed! 1702 211
1601 844 #guessed! 1702 211
1602 798 #guessed! 1702 211
1603 293 #guessed! 1702 211
1604 461 #guessed! 1702 211
1605 388 #guessed! 1702 211
1606 168 #guessed! 1702 211
1607 17 #guessed! 1702 211
1608 173 #guessed! 1702 211
1609 730 #guessed! 1702 211
1610 483 #guessed! 1702 211
1611 907 #guessed! 1702 211
1612 354 #guessed! 1702 211
1613 400 #guessed! 1702 211
1614 645 #guessed! 1702 211
1618 423 #guessed! 1702 211
1700 131 #guessed! 1702 211
1701 152 #guessed! 1702 211
? 4 #TODO
? 373 #TODO
? 626 #TODO
1702 211
1800 300 #guessed! 2000 379
1801 836 #guessed! 2000 379
1802 50 #guessed! 2000 379
1927 456 #guessed! 2000 379
? 232 #TODO
? 612 #TODO
2000 379
2001 205
2003 938
2004 53 #guessed! 2005 720
2005 720
2100 182
2101 681
2102 669
2103 276
2104 735 #guessed! 2105 774
2105 774
2106 949
2107 289
2108 48
2109 840
2110 342
2111 824 #guessed! 2112 678
? 107 #TODO
2112 678
2113 758
2114 389
2115 70
? 795 #TODO
2116 396
2117 916
2118 116
2119 506 #guessed! 2120 146
2120 146
2122 829 #guessed! 2123 601
2123 601
2124 985 #guessed! 2127 786
2125 554 #guessed! 2127 786
2126 433 #guessed! 2127 786
2127 786
2128 943 #guessed! 2131 536
2129 863 #guessed! 2131 536
2130 200 #guessed! 2131 536
2131 536
2132 141 #guessed! 2135 89
2133 380 #guessed! 2135 89
# missing? 2134
2135 89
2200 553
2201 928
2202 487
2203 189 #guessed! 2205 30
2204 941 #guessed! 2205 30
2205 30
2206 315 #guessed! 2208 891
2207 927 #guessed! 2208 891
2208 891
2209 973 #guessed! 2211 617
2210 614 #guessed! 2211 617
2211 617
2212 353
2213 57 #guessed! 2300 619
2300 619
2301 372
2302 755 #guessed! 2305 458
2303 631 #guessed! 2305 458
2304 648 #guessed! 2305 458
2305 458
2306 316
2307 347
2308 711
2309 427
2310 871
2311 402 #guessed! 2314 850
2312 284 #guessed! 2314 850
2313 641 #guessed! 2314 850
2314 850
2400 780
2401 302 #guessed! 2402 810
2402 810
2403 285
2404 886
2405 113
2406 328
2407 160
2408 21
2409 751
2410 394
2411 564 #guessed! 2412 464
2412 464
2414 508
2415 256
2416 706
2417 126 #guessed! 2418 704
2418 704
2419 38
2420 463
2421 438
2422 472
2423 321
2424 364
2425 772
2426 749
2427 425
2428 654
2429 906
2430 490 #guessed! 2431 382
2431 382
2432 282
2433 830 #guessed! 2500 162
2499 667 #guessed! 2500 162
2500 162
2501 903
2502 117
2503 103
2504 942 #guessed! 2505 387
2505 387
2506 455 #guessed! 2600 759
2507 538 #guessed! 2600 759
2600 759
2601 679
2602 159
2603 43
2604 445
2605 499
2606 655
2607 467
2608 917
2609 26
2610 241
2611 693
2612 417
2613 867 #guessed! 2703 441
2614 381 #guessed! 2703 441
2617 925 #guessed! 2703 441
2700 813 #guessed! 2703 441
2701 279 #guessed! 2703 441
2702 327 #guessed! 2703 441
? 777 #TODO
? 918 #TODO
2703 441
2704 615 #guessed! 2800 337
2705 226 #guessed! 2800 337
2800 337
2801 715 #guessed! 3100 214
2802 108 #guessed! 3100 214
2927 501 #guessed! 3100 214
? 333 #TODO
? 505 #TODO
? 308 #TODO
? 111 #TODO
? 769 #TODO
? 27 #TODO
? 35 #TODO
? 199 #TODO
? 956 #TODO
? 123 #TODO
3100 214
3101 752 #guessed! 3103 151
3103 151
3104 579 #guessed! 3106 529
3105 166 #guessed! 3106 529
3106 529
3107 179 #guessed! 3110 405
3108 843 #guessed! 3110 405
3109 351 #guessed! 3110 405
3110 405
3111 98
3112 522
3113 361 #guessed! 3114 184
3114 184
3115 753 #guessed! 3116 768
3116 768
3117 420 #guessed! 3200 262
3200 262
3201 504 #guessed! 3206 604
3202 629 #guessed! 3206 604
3203 498 #guessed! 3206 604
3204 816 #guessed! 3206 604
3205 576 #guessed! 3206 604
3206 604
3207 457 #guessed! 3209 837
3208 672 #guessed! 3209 837
3209 837
3300 865
3301 592
3302 312
3303 469
3304 110
? 52 #TODO
3305 446
3306 953
3307 746
3308 723
3309 202
3310 65
3311 297
3312 701 #guessed! 3313 231
3313 231
3314 659
3315 573 #guessed! 3317 489
3316 525 #guessed! 3317 489
3317 489
3318 15 #guessed! 3321 805
3321 805
3322 291 #guessed! 3326 934
3323 238 #guessed! 3326 934
3324 61 #guessed! 3326 934
3325 590 #guessed! 3326 934
3326 934
3327 510
3329 778 #guessed! 3331 884
3330 119 #guessed! 3331 884
3331 884
3332 670 #guessed! 3335 468
# missing? 3333
3335 468
3336 482
3337 2 #guessed! 3408 548
3338 502 #guessed! 3408 548
3339 983 #guessed! 3408 548
3340 6 #guessed! 3408 548
3341 346 #guessed! 3408 548
3342 416 #guessed! 3408 548
3343 819 #guessed! 3408 548
3344 611 #guessed! 3408 548
3345 237 #guessed! 3408 548
3346 534 #guessed! 3408 548
3347 94 #guessed! 3408 548
3349 29 #guessed! 3408 548
3350 790 #guessed! 3408 548
3351 634 #guessed! 3408 548
3400 325 #guessed! 3408 548
? 494 #TODO
? 72 #TODO
3408 548
3409 898 #guessed! 3411 794
3410 610 #guessed! 3411 794
3411 794
3412 635 #guessed! 3605 971
3413 727 #guessed! 3605 971
3414 656 #guessed! 3605 971
3415 802 #guessed! 3605 971
3600 664 #guessed! 3605 971
3601 132 #guessed! 3605 971
3602 154 #guessed! 3605 971
3603 62 #guessed! 3605 971
3604 599 #guessed! 3605 971
? 478 #TODO
? 149 #TODO
? 109 #TODO
3605 971
3606 459
3607 320
3608 530
3609 526 #guessed! 3612 647
3610 102 #guessed! 3612 647
3611 820 #guessed! 3612 647
3612 647
3613 462
3614 623 #guessed! 3616 668
3615 63 #guessed! 3616 668
3616 668
3617 336 #guessed! 3618 495
3618 495
3619 976 #guessed! 3620 940
3620 940
3621 246 #guessed! 3629 972
3622 80 #guessed! 3629 972
3623 411 #guessed! 3629 972
3624 254 #guessed! 3629 972
3625 263 #guessed! 3629 972
3626 245 #guessed! 3629 972
3627 873 #guessed! 3629 972
3628 618 #guessed! 3629 972
3629 972
3630 412 #guessed! 3709 407
3631 9 #guessed! 3709 407
3632 491 #guessed! 3709 407
3633 34 #guessed! 3709 407
3634 539 #guessed! 3709 407
3700 410 #guessed! 3709 407
3701 105 #guessed! 3709 407
3702 986 #guessed! 3709 407
3703 75 #guessed! 3709 407
3704 350 #guessed! 3709 407
3705 426 #guessed! 3709 407
3706 742 #guessed! 3709 407
3707 60 #guessed! 3709 407
3709 407
3710 703 #guessed! 3711 716
3711 716
3712 516 #guessed! 3717 19
3713 180 #guessed! 3717 19
3714 391 #guessed! 3717 19
3715 311 #guessed! 3717 19
3716 294 #guessed! 3717 19
3717 19
3718 310 #guessed! 3753 243
3719 673 #guessed! 3753 243
3720 451 #guessed! 3753 243
3750 485 #guessed! 3753 243
3751 129 #guessed! 3753 243
3752 515 #guessed! 3753 243
3753 243
3754 779 #guessed! 3757 988
3755 658 #guessed! 3757 988
3756 686 #guessed! 3757 988
3757 988
3758 968 #guessed! 3760 987
3759 431 #guessed! 3760 987
3760 987
3761 609 #guessed! 4000 244
3790 637 #guessed! 4000 244
3903 803 #guessed! 4000 244
3904 896 #guessed! 4000 244
3905 838 #guessed! 4000 244
3906 523 #guessed! 4000 244
3907 874 #guessed! 4000 244
3908 909 #guessed! 4000 244
3910 187 #guessed! 4000 244
3911 415 #guessed! 4000 244
3912 421 #guessed! 4000 244
3913 44 #guessed! 4000 244
4000 244
4001 687
4002 992
4003 127
4004 589
4005 473
4006 258 #guessed! 4010 733
4007 440 #guessed! 4010 733
4008 356 #guessed! 4010 733
4009 694 #guessed! 4010 733
4010 733
4011 36
4012 332
4013 954 #guessed! 4014 170
4014 170
4015 709 #guessed! 4016 862
4016 862
4017 188
4018 171
4019 852
4020 717
4100 288
4101 227
4102 691 #guessed! 4103 206
? 870 #TODO
4103 206
4104 697 #guessed! 4106 195
4105 95 #guessed! 4106 195
4106 195
4107 756
4108 959
4109 281
4110 685 #guessed! 4111 761
4111 761
4112 591 #guessed! 4117 471
4113 893 #guessed! 4117 471
4114 883 #guessed! 4117 471
4115 807 #guessed! 4117 471
4116 448 #guessed! 4117 471
4117 471
4118 847
4119 776
4120 879 #guessed! 4121 935
4121 935
4122 385 #guessed! 4124 330
4123 236 #guessed! 4124 330
4124 330
4125 47
4126 77 #guessed! 4127 86
4127 86
4200 866
4201 418 #guessed! 4202 568
4202 568
4203 318
4204 908 #guessed! 4206 848
4205 143 #guessed! 4206 848
4206 848
4207 22 #guessed! 4208 266
? 409 #TODO
? 789 #TODO
? 990 #TODO
4208 266
4209 698
4210 249 #guessed! 4300 257
4211 833 #guessed! 4300 257
4212 965 #guessed! 4300 257
4213 344 #guessed! 4300 257
4214 792 #guessed! 4300 257
4215 855 #guessed! 4300 257
? 562 #TODO
? 24 #TODO
4300 257
4400 731 #guessed! 4500 142
4500 142
? 661 #TODO
4600 295
4700 33 #guessed! 5000 662
4701 496 #guessed! 5000 662
4702 486 #guessed! 5000 662
5000 662
5001 137
5002 403
5003 826 #guessed! 5004 153
5004 153
5005 112
5006 570 #guessed! 5016 375
5008 904 #guessed! 5016 375
5009 378 #guessed! 5016 375
5010 360 #guessed! 5016 375
5011 963 #guessed! 5016 375
5012 443 #guessed! 5016 375
5015 692 #guessed! 5016 375
5016 375
5017 885 #guessed! 5020 877
5018 550 #guessed! 5020 877
5019 345 #guessed! 5020 877
5020 877
5023 740 #guessed! 5066 450
5024 559 #guessed! 5066 450
5025 876 #guessed! 5066 450
5050 688 #guessed! 5066 450
5051 87 #guessed! 5066 450
5052 235 #guessed! 5066 450
5053 583 #guessed! 5066 450
5054 477 #guessed! 5066 450
5055 248 #guessed! 5066 450
5056 37 #guessed! 5066 450
5057 625 #guessed! 5066 450
5058 367 #guessed! 5066 450
5059 955 #guessed! 5066 450
5060 705 #guessed! 5066 450
5061 980 #guessed! 5066 450
5062 335 #guessed! 5066 450
5063 551 #guessed! 5066 450
5064 677 #guessed! 5066 450
5065 69 #guessed! 5066 450
5066 450
5067 201 #guessed! 5068 584
5068 584
5069 58
5070 135 #guessed! 5200 481
5071 989 #guessed! 5200 481
5072 436 #guessed! 5200 481
5073 713 #guessed! 5200 481
5074 323 #guessed! 5200 481
5075 922 #guessed! 5200 481
5100 939 #guessed! 5200 481
5101 957 #guessed! 5200 481
5102 18 #guessed! 5200 481
5200 481
5201 616 #guessed! 5205 793
5205 793
5206 230
5207 287
5208 210 #guessed! 5214 507
5209 581 #guessed! 5214 507
5210 763 #guessed! 5214 507
5211 492 #guessed! 5214 507
5212 905 #guessed! 5214 507
5213 371 #guessed! 5214 507
5214 507
5215 981 #guessed! 5218 812
5218 812
5220 194 #guessed! 5227 762
5221 913 #guessed! 5227 762
5222 10 #guessed! 5227 762
5223 11 #guessed! 5227 762
5224 81 #guessed! 5227 762
5225 474 #guessed! 5227 762
5226 106 #guessed! 5227 762
5227 762
5228 286 #guessed! 5230 150
5229 839 #guessed! 5230 150
5230 150
5231 298 #guessed! 5235 401
5232 176 #guessed! 5235 401
5233 851 #guessed! 5235 401
5234 138 #guessed! 5235 401
5235 401
5236 633 #guessed! 5302 484
5237 739 #guessed! 5302 484
5300 120 #guessed! 5302 484
5301 16 #guessed! 5302 484
5302 484
5303 588
5305 299 #guessed! 5306 453
5306 453
5307 368 #guessed! 5400 134
5308 386 #guessed! 5400 134
5309 560 #guessed! 5400 134
5400 134
5401 979 #guessed! 5405 439
5405 439
5406 595
5407 946
5411 55 #guessed! 5421 221
5419 145 #guessed! 5421 221
# missing? 5420
5421 221
5422 620 #guessed! 5432 223
5423 365 #guessed! 5432 223
5424 264 #guessed! 5432 223
5425 600 #guessed! 5432 223
5426 533 #guessed! 5432 223
5427 801 #guessed! 5432 223
5428 682 #guessed! 5432 223
5429 750 #guessed! 5432 223
5430 858 #guessed! 5432 223
# missing? 5431
5432 223
5433 549 #guessed! 5500 607
5435 572 #guessed! 5500 607
5436 859 #guessed! 5500 607
? 622 #TODO
? 828 #TODO
? 596 #TODO
8000 0
? 444 #TODO
? 12 #TODO
5500 607
5501 797
5502 42
5503 683
5504 76
5505 721
5506 864
5507 663
5508 104
5509 823
5510 541
5511 156
5512 513
5514 598 #guessed! 5602 540
5516 675 #guessed! 5602 540
5517 213 #guessed! 5602 540
5547 657 #guessed! 5602 540
# missing? 5600
# missing? 5601
5602 540
5604 66 #guessed! 5613 161
5605 317 #guessed! 5613 161
5606 397 #guessed! 5613 161
5607 680 #guessed! 5613 161
5608 782 #guessed! 5613 161
5609 56 #guessed! 5613 161
5611 714 #guessed! 5613 161
5612 500 #guessed! 5613 161
? 695 #TODO
? 811 #TODO
? 726 #TODO
5613 161
5615 952 #guessed! 5616 950
5616 950
5617 643 #guessed! 5624 585
5618 32 #guessed! 5624 585
# missing? 5619
# missing? 5620
# missing? 5621
# missing? 5622
# missing? 5623
5624 585
5625 82 #guessed! 5630 565
5626 700 #guessed! 5630 565
5627 5 #guessed! 5630 565
5628 274 #guessed! 5630 565
5629 198 #guessed! 5630 565
5630 565
5631 890 #guessed! 6017 395
5632 167 #guessed! 6017 395
5633 348 #guessed! 6017 395
6001 556 #guessed! 6017 395
6002 531 #guessed! 6017 395
6003 215 #guessed! 6017 395
6005 175 #guessed! 6017 395
6007 849 #guessed! 6017 395
6008 832 #guessed! 6017 395
6010 901 #guessed! 6017 395
6011 521 #guessed! 6017 395
6012 306 #guessed! 6017 395
6014 744 #guessed! 6017 395
6015 639 #guessed! 6017 395
6016 899 #guessed! 6017 395
6017 395
6018 228 #guessed! 6101 724
6019 937 #guessed! 6101 724
6020 948 #guessed! 6101 724
6021 800 #guessed! 6101 724
6023 14 #guessed! 6101 724
6024 653 #guessed! 6101 724
6025 787 #guessed! 6101 724
6027 265 #guessed! 6101 724
6028 860 #guessed! 6101 724
6029 524 #guessed! 6101 724
6030 192 #guessed! 6101 724
6031 577 #guessed! 6101 724
6032 915 #guessed! 6101 724
6033 933 #guessed! 6101 724
6034 247 #guessed! 6101 724
6035 566 #guessed! 6101 724
6036 251 #guessed! 6101 724
6037 894 #guessed! 6101 724
6038 754 #guessed! 6101 724
6039 725 #guessed! 6101 724
# missing? 6040
# missing? 6041
6101 724
6102 497 #guessed! 6118 357
6103 430 #guessed! 6118 357
6105 624 #guessed! 6118 357
6107 25 #guessed! 6118 357
6108 172 #guessed! 6118 357
6110 275 #guessed! 6118 357
6111 519 #guessed! 6118 357
6112 121 #guessed! 6118 357
6114 627 #guessed! 6118 357
6115 919 #guessed! 6118 357
6116 181 #guessed! 6118 357
# missing? 6117
6118 357
6119 296
6120 527
6123 479 #guessed! 6131 93
6124 546 #guessed! 6131 93
6125 376 #guessed! 6131 93
6127 155 #guessed! 6131 93
6128 349 #guessed! 6131 93
6129 567 #guessed! 6131 93
6130 454 #guessed! 6131 93
6131 93
6132 817 #guessed! 6200 835
6133 644 #guessed! 6200 835
6135 124 #guessed! 6200 835
6136 31 #guessed! 6200 835
6138 931 #guessed! 6200 835
6139 574 #guessed! 6200 835
6142 910 #guessed! 6200 835
6143 191 #guessed! 6200 835
6144 269 #guessed! 6200 835
6145 83 #guessed! 6200 835
6146 475 #guessed! 6200 835
6147 666 #guessed! 6200 835
6148 587 #guessed! 6200 835
# missing? 6149
6200 835
6201 809
6202 936
6203 586 #guessed! 6300 665
6204 707 #guessed! 6300 665
6205 770 #guessed! 6300 665
6300 665
6301 690 #guessed! 6306 370
6302 476 #guessed! 6306 370
6303 628 #guessed! 6306 370
6304 59 #guessed! 6306 370
6305 960 #guessed! 6306 370
6306 370
6405 951 #guessed! 6509 429
6406 424 #guessed! 6509 429
6500 764 #guessed! 6509 429
6501 250 #guessed! 6509 429
6502 470 #guessed! 6509 429
6503 447 #guessed! 6509 429
6506 926 #guessed! 6509 429
# missing? 6507
# missing? 6508
6509 429
6510 224 #guessed! 6910 651
6700 788 #guessed! 6910 651
6701 343 #guessed! 6910 651
6702 842 #guessed! 6910 651
6703 292 #guessed! 6910 651
6704 242 #guessed! 6910 651
6705 892 #guessed! 6910 651
6706 374 #guessed! 6910 651
6707 268 #guessed! 6910 651
6708 741 #guessed! 6910 651
6709 984 #guessed! 6910 651
6710 861 #guessed! 6910 651
6711 148 #guessed! 6910 651
6712 493 #guessed! 6910 651
6713 785 #guessed! 6910 651
6714 646 #guessed! 6910 651
6715 422 #guessed! 6910 651
6716 543 #guessed! 6910 651
6717 982 #guessed! 6910 651
6800 671 #guessed! 6910 651
6801 393 #guessed! 6910 651
6802 240 #guessed! 6910 651
6803 408 #guessed! 6910 651
6804 881 #guessed! 6910 651
6900 419 #guessed! 6910 651
6901 64 #guessed! 6910 651
6902 815 #guessed! 6910 651
6903 804 #guessed! 6910 651
6904 571 #guessed! 6910 651
6905 967 #guessed! 6910 651
6906 520 #guessed! 6910 651
6907 923 #guessed! 6910 651
6908 196 #guessed! 6910 651
6909 814 #guessed! 6910 651
? 383 #TODO
6910 651
6911 932 #guessed!
6912 773 #guessed!
6913 975 #guessed!
6914 125 #guessed!
6915 326 #guessed!
7000 869 #guessed!
7001 743 #guessed!
7002 897 #guessed!
7003 190 #guessed!
7004 528 #guessed!
7005 278 #guessed!
7006 73 #guessed!
7007 831 #guessed!
7100 399 #guessed!
7101 555 #guessed!
7102 771 #guessed!
7103 532 #guessed!
7201 582 #guessed!
7202 878 #guessed!
7203 147 #guessed!
7204 775 #guessed!
7205 307 #guessed!
7206 157 #guessed!
7207 945 #guessed!
7208 638 #guessed!
7209 460 #guessed!
7210 314 #guessed!
7211 398 #guessed!
7212 309 #guessed!
7213 136 #guessed!
7214 54 #guessed!
7215 868 #guessed!
7301 449 #guessed!
7302 277 #guessed!
7303 808 #guessed!
7304 85 #guessed!
7305 366 #guessed!
7306 100 #guessed!
7307 542 #guessed!
7308 255 #guessed!
7309 900 #guessed!
7310 404 #guessed!
7311 977 #guessed!
7312 630 #guessed!
7313 91 #guessed!
7314 602 #guessed!
7315 68 #guessed!
? 1 #TODO
? 912 #TODO
? 888 #TODO
? 964 #TODO
? 90 #TODO
? 872 #TODO
? 363 #TODO
? 796 #TODO
? 708 #TODO
? 329 #TODO
? 341 #TODO
? 722 #TODO
? 732 #TODO
? 377 #TODO
? 239 #TODO
? 674 #TODO
? 636 #TODO
? 305 #TODO
? 204 #TODO
? 452 #TODO
? 222 #TODO
? 649 #TODO
? 962 #TODO
? 362 #TODO
? 791 #TODO
? 13 #TODO
? 207 #TODO
? 406 #TODO
? 331 #TODO
? 229 #TODO
? 880 #TODO
? 603 #TODO
? 267 #TODO
? 41 #TODO
? 966 #TODO
? 545 #TODO
? 578 #TODO
? 234 #TODO
? 734 #TODO
? 597 #TODO
? 747 #TODO
? 133 #TODO
? 304 #TODO
? 174 #TODO
? 301 #TODO
? 944 #TODO
? 51 #TODO
? 544 #TODO
? 974 #TODO
? 340 #TODO
? 947 #TODO
? 914 #TODO
? 806 #TODO
? 359 #TODO
